0 1.638243
1 0.073352
2 0.030085
3 0.023375
4 0.023356
5 0.022939
6 0.022553
7 0.022172
8 0.021798
9 0.021429
10 0.021067
11 0.020712
12 0.020362
13 0.020018
14 0.019680
15 0.019348
16 0.019021
17 0.018700
18 0.018384
19 0.018073
20 0.017768
21 0.017468
22 0.017173
23 0.016883
24 0.016598
25 0.016317
26 0.016042
27 0.015771
28 0.015505
29 0.015243
30 0.014985
31 0.014732
32 0.014483
33 0.014239
34 0.013998
35 0.013762
36 0.013529
37 0.013301
38 0.013076
39 0.012856
40 0.012638
41 0.012425
42 0.012215
43 0.012009
44 0.011806
45 0.011606
46 0.011410
47 0.011218
48 0.011028
49 0.010842
50 0.010659
51 0.010479
52 0.010302
53 0.010128
54 0.009957
